W 250 0 0
aa 3 153 10
ab 2 106 9
ac 4 118 6
ad 5 199 1
ae 3 56 9
af 3 2 5
ag 3 183 10
ah 4 31 5
ai 2 35 8
aj 5 93 4
ak 4 159 6
al 5 112 10
am 5 46 5
an 4 187 8
ao 2 176 7
ap 4 172 10
aq 4 135 7
ar 3 116 9
as 4 61 5
at 2 69 5
au 2 75 8
av 2 25 3
aw 2 105 9
ax 3 178 1
ay 4 153 6
az 5 93 4
ba 5 29 1
bb 3 55 6
bc 3 134 4
bd 5 65 2
be 4 198 9
bf 4 152 5
bg 2 100 9
bh 5 30 2
bi 4 64 4
bj 4 98 6
bk 5 181 7
bl 3 109 9
bm 2 77 10
bn 2 62 2
bo 2 162 3
bp 3 36 1
bq 3 35 3
br 5 116 8
bs 2 147 9
bt 5 176 8
bu 5 62 9
bv 2 155 8
bw 4 139 8
bx 2 142 6
by 2 69 1
bz 5 188 2
ca 4 97 4
cb 4 49 2
cc 3 195 6
cd 5 97 4
ce 5 116 7
cf 3 46 5
cg 5 173 2
ch 5 21 7
ci 5 134 7
cj 4 153 2
ck 2 79 1
cl 2 188 5
cm 5 32 5
cn 5 43 5
co 2 162 7
cp 5 151 10
cq 2 68 6
cr 2 130 10
cs 3 93 2
ct 3 174 10
cu 2 138 7
cv 2 165 4
cw 5 154 9
cx 2 149 6
cy 4 59 7
cz 2 174 4
da 2 107 8
db 5 76 3
dc 5 165 9
dd 4 122 2
de 5 171 3
df 3 94 6
dg 5 145 7
dh 3 135 1
di 3 105 7
dj 5 3 8
dk 5 71 10
dl 4 108 6
dm 5 52 7
dn 5 170 5
do 4 97 2
dp 5 150 9
dq 2 56 3
dr 3 63 6
ds 4 55 6
dt 2 120 1
du 2 79 8
dv 2 170 8
